0.0119025
0.688752
0.00744667
0.0107962
0.000643892
0.00673335
3.18879e-006
1.84784e-007
1.45741e-006
0.00104872
0.0802495
1.33978e-005
0.00716519
0.102887
0.316289
0.0018575
0.154708
0.0707616
0.0162391
0.000196861
7.66694e-011
0.0023283
0.434711
0.000715189
0.0530449
0.010294
0.0146317
3.78075e-005
0.203395
0.00758193
1.44785e-005
0.0202339
0.0544945
0.0388059
0.136849
0.00109432
0.000663784
0.335308
0.0290778
0.00101259
8.51286e-006
0.00100391
0.00356854
3.08055e-010
0.000141885
0.451497
0.00373635
4.48818e-005
0.0275726
0.00292651
0.000787306
0.163955
0.0052305
0.406479
0.246199
0.0738416
0.0255429
6.47036e-008
0.0582095
3.38906e-006
0.735475
0.0248977
0.490983
0.114799
0.00720635
0.0920841
0.0227074
0.727534
0.000670383
0.194199
0.326626
0.0192813
0.0341685
0.000916137
0.00106466
0.0157164
0.00170738
0.000434919
0.0105553
3.27935e-016
0.00110668
0.011105
0.000153159
0.209145
3.49429e-005
0.197246
0.429834
0.718374
0.0467873
0.163409
0.318808
0.757662
0.0438532
0.000560928
0.413808
0.131288
0.150224
0.00144596
0.532066
5.19828e-007
0.29605
0.00396262
0.0118067
0.00483421
5.52868e-012
0.0105029
0.160279
2.38878e-006
0.0727468
3.9657e-006
0.0161389
0.00165623
0.00979468
0.221816
0.322124
0.0832082
0.000333694
0.0087879
0.0100529
0.0083786
0.000192119
0.194301
0.00683052
1.20404e-017
0.219294
0.088561
7.27711e-006
0.00264688
0.214894
0.00803865
0.000134367
0.019454
0.195668
0.0132982
5.55549e-007
0.0348628
0.0417822
0.00263881
0.0262134
0.141063
0.298007
3.43865e-006
0.0338989
0.00131254
0.106937
6.26936e-009
0.00148163
0.256879
1.05692e-005
0.000745523
0.00316987
0.00104054
0.059747
0.0211787
0.242885
1.0986e-005
0.00569001
0.0344323
0.013521
0.234028
0.0177137
0.190723
0.0160794
7.17469e-009
0.000354083
0.0192112
0.0069354
6.43007e-005
0.0235233
0.000856778
4.35685e-009
0.321075
0.0642235
0.00197327
0.021127
0.188529
5.59613e-005
0.00181273
0.148321
0.0141964
0.176555
5.6436e-005
0.00119335
0.302907
0.00493229
0.248865
0.0163423
0.0984809
0.00743647
0.00172232
0.000277419
0.00117452
0.109484
0.0356701
0.117263
0.00559641
0.552597
0.00298218
0.0269965
0.00423225
0.625966
0.00230845
0.385458
0.00548841
5.74297e-015
0.0501476
0.0519954
0.00116897
0.000831903
0.00933834
0.00600826
6.60127e-014
7.41728e-007
0.102073
0.00464418
1.27263e-006
0.117859
0.00258149
0.0122956
0.00562911
0.764811
1.28161e-016
0.00646858
1.36899e-012
0.00910956
0.275329
0.042059
0.0245627
0.0134272
0.0666629
2.56984e-008
0.0707044
0.0269411
0.0155084
8.07857e-005
0.119858
0.272518
0.0432802
0.0354367
0.000569546
0.073221
0.0690818
0.0244224
0.210402
0.0640957
0.00743867
0.000182092
0.00390787
0.00261969
0.0060372
0.0945349
0.0322304
5.65228e-005
0.00193179
0.00294972
8.83469e-005
0.0313854
0.00411545
0.208278
0.00625318
0.00382316
0.532568
0.00555849
0.00159743
5.89976e-006
0.0249508
7.25228e-005
0.0752253
0.000100449
3.56811e-010
3.7246e-010
0.625261
4.88021e-005
0.061137
0.000186132
0.000112001
0.163666
0.0153892
1.42539e-008
0.155083
0.178465
0.822919
0.0320386
0.0276566
0.0909096
0.00424622
0.241881
0.00462462
3.01893e-006
2.41509e-011
2.2681e-011
0.0070333
0.000718862
0.00211105
0.187809
0.136583
0.000816144
0.592729
7.77547e-011
0.00693043
0.00187668
5.05208e-005
2.28274e-006
0.0134414
2.61009e-008
4.50897e-005
0.00535485
1.05958e-005
0.0034056
0.000840453
8.73251e-015
0.0585327
3.53489e-011
0.0509944
0.00792685
0.0226179
0.000570544
0.00405661
0.0529973
6.35969e-006
0.0707287
0.0224228
0.95644
0.00174125
0.00173231
0.812778
6.99729e-007
1.00531e-010
0.0393321
0.112603
0.00329304
0.0471825
0.761489
0.0167745
0.00056471
0.321431
0.00316539
0.080314
0.431448
0.000908252
0.00745814
0.000714281
0.0143675
0.00386773
0.00854154
0.125995
0.0710046
0.000964295
0.0368465
6.49674e-007
0.000101312
0.00172065
0.0159697
0.220536
0.00913483
0.583808
0.00104161
0.0057208
0.00782035
0.204042
0.000215308
0.00182847
1.10248e-006
0.00383079
0.00525841
0.00192141
0.00263187
0.128662
0.00841353
0.0570326
0.00156713
0.0173349
0.00254326
0.00078335
0.00233862
0.1466
0.279394
0.267717
0.0178902
3.33294e-005
0.0269106
0.2385
1.54017e-006
0.167998
0.00142647
2.40233e-010
0.15462
0.0134147
0.568652
0.612015
0.0444335
0.00504
0.0193466
0.000177871
0.000421323
5.42969e-010
0.00159656
0.00139046
0.00143913
0.0916537
0.0248245
0.00485148
0.0385753
0.61384
1.72248e-005
0.354422
0.00368113
0.0033409
0.01276
0.0032041
0.220917
0.104324
0.165073
0.000305037
0.000782994
0.328577
0.000425514
0.159783
0.0227929
0.00477049
0.223784
0.0131157
0.00953696
0.0398875
6.85264e-008
0.518665
0.000896329
3.62054e-012
0.0015057
0.02209
0.230922
0.00162608
0.00912203
0.00130874
0.000972468
0.0477111
0.59219
0.0475979
0.0669172
0.230487
9.70335e-006
0.00469687
0.00159163
4.39962e-007
0.00638849
0.150493
0.0306372
0.0115725
0.00310673
4.29278e-009
0.000651602
0.0804256
0.221542
0.251775
0.701143
0.0166562
0.172325
0.00770199
0.0193033
0.000102541
0.0340232
0.280861
0.748832
0.0132935
0.0716977
0.00121619
0.113758
0.0126987
1.11444e-020
6.64312e-013
2.27966e-007
7.20875e-007
0.00257832
0.111315
1.90069e-006
0.0089803
0.000235314
5.85268e-007
0.00528666
0.00644829
5.73837e-006
0.115633
0.00164186
0.376505
0.000178622
0.00781202
0.011467
0.0201899
0.234731
0.0084482
3.96343e-007
0.0726076
0.0703271
9.65045e-005
0.0230705
0.103062
0.00372417
1.27123e-007
0.00821114
0.472841
0.547782
8.08431e-007
0.0019541
0.303175
0.0480594
0.123082
0.00104007
0.0299707
0.0272806
0.0191613
0.00098501
0.00979911
0.003564
9.90337e-025
0.24148
0.316832
0.130499
0.0205735
0.189845
0.0394446
0.51107
0.000737664
0.00324411
0.0276594
0.125715
0.101675
0.668893
0.0176128
0.00715055
0.0146108
0.576026
0.0391534
0.00221008
0.000883245
0.146092
1.65925e-006
0.174457
0.115684
0.00266868
0.000916641
0.000312272
8.92809e-007
0.245633
0.00131817
0.0453732
0.041474
0.0120861
0.00159282
0.059438
0.264937
0.000533526
0.221513
7.60725e-010
0.00165365
0.00192347
0.0138744
0.467504
0.295448
5.35344e-007
0.00120643
0.00591776
0.000831485
0.267414
0.00861761
0.303703
0.00132008
0.00643999
0.0835075
0.00311579
0.23827
0.197919
4.80235e-005
0.114107
0.0829895
0.0906649
0.00022335
6.84525e-011
0.152764
0.00289441
0.264946
4.27027e-006
0.122762
5.24495e-006
7.66663e-005
0.544913
0.000607792
0.00371981
0.726106
1.16135e-012
0.0231887
0.114912
0.0404329
0.00346836
2.23414e-010
0.0217996
0.123495
0.0167078
0.0115384
0.00737381
0.0365286
5.87739e-006
0.209716
0.000747625
0.0565229
0.208487
1.46145e-010
0.937612
0.00135698
0.0983059
0.262883
2.00478e-008
0.000423265
1.82091e-007
0.000256662
0.0700041
2.60981e-009
0.000611795
1.84231e-014
0.000261876
0.00445506
0.0749378
0.0592992
4.82444e-005
0.0129831
0.000215395
0.843026
0.0675028
0.000394572
0.00129055
0.0132996
8.40973e-017
0.150779
0.00111102
0.00401019
0.0960872
5.49629e-006
0.0122352
0.00450552
0.0189974
1.80791e-011
0.0348409
0.0525151
0.356397
0.0520793
0.00223302
0.327504
3.50397e-005
0.063406
0.311604
0.0359881
0.0100526
9.47717e-005
7.17752e-006
0.0610722
0.223823
0.00995507
0.0162889
0.0630969
6.24812e-005
0.00167566
0.154966
0.0386922
0.151637
0.00946778
0.000853919
0.0433744
0.132134
0.572009
0.00201382
0.0558064
0.280377
0.00172752
0.270556
3.03499e-011
8.97564e-006
0.00817315
0.0279762
0.192037
0.00183811
0.00135833
0.0021755
8.19079e-005
0.0442829
0.00535545
0.0124693
0.069133
0.049329
0.266353
0.031709
0.148842
0.14719
0.000395818
0.000238658
5.56189e-009
0.00777085
0.353341
7.04234e-008
0.000514735
0.00674926
0.618287
0.0515988
0.0589829
0.685042
0.000991531
0.010485
0.00342204
0.0395066
0.055814
4.94269e-007
0.062766
0.00264626
0.0993728
0.0262473
1.36073e-005
0.000329019
0.0967369
8.77447e-008
1.45818e-009
0.0277867
0.165926
0.266342
0.00017161
0.00172837
5.46529e-006
0.00686321
0.324873
0.0015053
7.43665e-011
0.0194564
0.00356289
0.0607402
0.00873979
1.04593e-013
0.350356
0.0144543
0.00458204
0.00543813
0.405118
0.00196259
0.0755921
0.0755988
0.125735
0.112665
0.0338037
0.218844
0.0504842
0.00250412
0.00114844
0.0157571
0.000510482
0.051619
0.225424
3.86322e-005
0.059022
0.016577
0.306441
0.799343
0.0531238
0.000703597
0.202483
0.00170742
0.0194762
0.000640101
0.18567
0.0528479
0.0145892
0.105936
2.22842e-011
0.223415
0.0071459
0.423639
0.10386
0.00756382
3.54164e-005
0.000399841
0.000380536
0.0414427
0.194615
0.00180531
0.0383007
0.0436043
0.000778572
1.5927e-010
0.446614
0.000614239
0.162546
2.92119e-008
0.0444305
1.57016e-014
0.0508551
0.00629885
0.0340867
0.890537
0.0234147
0.0532967
0.34509
0.133979
3.0695e-005
0.00012889
0.0130981
0.013836
0.0717668
0.170906
0.00520106
6.26273e-006
1.96078e-005
0.10449
1.19451e-018
0.00059799
5.6251e-006
0.000365662
0.0455107
6.16125e-006
0.0466277
6.70138e-005
0.0166573
3.02003e-005
4.62773e-008
0.238314
0.0282626
0.291189
0.284831
0.0019942
4.86712e-005
0.000344879
0.0244649
0.255319
0.0552706
0.0200583
0.0119191
0.78574
0.0789889
0.513806
0.00723086
0.0733119
0.00699665
8.14729e-009
0.0293963
0.198483
9.38509e-015
0.365181
0.000964859
0.0126972
1.70327e-006
0.29067
0.0962611
0.0166696
2.06761e-006
0.0155728
0.0542316
0.724645
0.00236458
8.2689e-005
0.335697
0.000608193
0.21145
0.00222474
0.0535157
0.0211644
0.258366
0.0273519
0.00105913
5.64025e-013
0.00167809
0.0410965
0.0098699
0.000111394
0.278048
0.000914363
0.0429905
0.278555
0.00409549
0.418375
0.0126461
0.0297024
0.107047
0.0186406
1.81234e-006
0.0195574
0.00477521
0.170875
2.96227e-010
0.0215421
0.0117207
0.0857621
0.0451739
0.284082
0.0120934
1.03031e-007
0.000324325
2.57117e-009
0.0145243
0.0240804
0.00128041
0.0107888
0.0208612
0.18008
0.00694458
0.00908854
0.00234156
0.0515884
0.165636
0.279912
0.000205593
0.0409113
1.79025e-007
0.000441947
0.00208512
0.0635138
0.0357484
0.409162
0.229922
0.502482
0.400812
0.0102585
0.283131
0.107755
0.000747082
6.15669e-006
0.087118
0.00110647
0.0048421
0.00403021
0.346205
0.19138
0.16262
0.0218045
0.194839
3.88095e-010
0.810445
0.180055
0.0564515
0.0126385
0.00180841
0.754773
1.84993e-007
0.00563038
0.00127146
0.222233
0.00967401
0.0122096
0.160591
0.216885
0.34598
0.339378
0.0113519
0.0153994
0.00396407
2.4444e-005
0.0156876
0.305662
0.00327015
0.000457376
1.00156e-006
0.147142
0.026963
2.81152e-013
0.0204892
0.00119092
0.0750575
0.159933
0.606321
0.617728
9.06133e-012
0.00828741
5.59807e-005
0.0117986
0.272518
0.101545
0.0748408
0.374845
0.102854
0.0107102
0.0648743
1.97976e-006
0.147749
0.000957233
0.0212824
0.0840087
3.03698e-008
0.0410018
0.771555
0.415395
0.079297
4.69827e-012
0.000594283
0.791007
0.00224069
0.0513716
0.0270356
0.01288
0.250483
0.0396979
0.0122372
0.0143806
0.0557002
0.0110136
0.00227337
0.591947
0.0876587
0.222564
0.0189
0.705277
0.00584476
0.0155082
1.95824e-009
0.00141994
0.187533
0.0219636
0.00805161
0.172119
0.0430274
0.00819713
0.000321185
0.00038645
0.130811
2.43891e-005
0.403605
0.000412111
0.579667
5.54171e-008
0.0464583
0.000115378
0.543522
0.171624
0.253303
1.45837e-005
0.0121695
0.000919174
0.0114656
0.0309798
0.105435
0.0994907
0.00803273
0.0443191
0.000425121
1.48684e-014
0.0200466
0.00163195
0.0593761
0.185685
0.470544
0.00872014
0.0930686
4.29155e-010
0.306168
0.56526
0.000139093
1.01833e-008
0.0138527
0.0158687
0.00205574
0.110974
1.15717e-017
0.0286695
7.34025e-006
0.651183
0.121721
0.00146228
1.71203e-014
0.795113
0.0565562
0.0327025
0.157981
0.0292758
6.2988e-005
0.0218035
5.6939e-009
0.228371
0.00918892
0.00159548
0.0983942
4.80603e-007
0.319939
0.421391
0.144582
0.014555
0.0150374
0.0289351
0.460468
0.00112923
0.0644028
0.00381914
0.107057
6.64689e-009
0.000349486
0.0261028
0.192363
0.000534526
0.703061
0.88667
0.0029235
0.066256
0.0462377
0.00225333
0.00493702
0.011731
0.071574
0.118681
7.07709e-008
0.217459
1.45456e-005
0.190152
0.000652477
0.00188073
0.590003
0.0293294
2.61631e-016
5.66686e-013
0.0295974
0.0214397
0.000859986
0.237566
0.335622
0.0281793
0.0344414
0.0219943
0.229596
0.00159677
0.000175831
0.0978484
0.0219616
7.67551e-006
0.0120956
2.33099e-006
0.755907
0.0785201
0.0069355
0.0393632
0.00302035
0.00617353
0.324633
0.384065
9.19854e-005
0.0142512
0.000723332
0.00351723
0.139498
0.000201031
0.0211357
0.580425
0.0053369
0.58774
0.0200725
4.07635e-005
0.210518
0.0138937
0.00716527
1.72229e-005
1.21549e-007
7.98209e-011
0.0383031
0.000357537
0.0347879
0.0125862
0.00296988
1.0046e-014
0.0042808
0.171655
0.00259884
0.0242104
0.0219349
0.0290254
0.0515383
0.0163209
7.10172e-010
0.0527846
0.0953687
0.00820468
0.000357401
0.0225651
0.266836
0.428455
0.00196898
4.51629e-005
0.0315247
0.293365
0.300134
0.00205553
0.028977
0.00143945
0.276256
0.000473583
0.0920751
0.0261167
1.91344e-006
0.00240952
0.0231181
0.0117203
0.00197308
0.192677
0.0289568
1.245e-013
0.0876505
0.0342357
0.508472
0.0320677
0.000982655
0.000580087
4.04948e-008
0.000284017
0.0703278
0.274189
0.000183439
0.00252674
5.43627e-010
0.0107093
0.000972162
0.054522
1.5238e-012
1.34808e-005
0.079247
0.00170397
0.00725812
0.0630696
0.759509
0.0168477
0.00389877
0.00783965
3.92763e-009
0.141832
0.00114096
0.00208438
0.0649559
0.77682
0.0316685
7.34889e-005
0.832602
1.85612e-007
0.181973
0.00355961
0.00171627
9.01809e-016
0.00287187
7.66162e-014
0.0598848
0.00119799
0.0349589
0.213455
0.0181981
0.0499703
0.175242
0.113254
0.179127
0.106003
0.130043
0.651641
0.00160754
4.69838e-013
0.00202445
0.000103476
0.0268878
0.249148
0.579206
0.0072385
0.00164202
1.30182e-007
0.00954238
0.0168981
0.00118175
0.079209
0.32251
0.0061229
0.00277857
0.815063
0.0597319
2.01284e-009
6.10042e-005
5.6081e-010
0.302664
0.00482277
1.29593e-009
0.00389535
0.00301519
0.104165
0.000152058
0.00860792
0.00175055
0.000704648
0.00103273
0.000758612
0.340109
0.202835
0.426995
0.0511601
0.0903008
0.0249101
8.46623e-005
0.000120152
0.131139
1.99284e-012
0.240647
0.000547486
0.00360617
0.349181
1.19107e-008
0.0188711
0.0179552
0.150807
0.00313931
0.627313
0.224428
0.0639703
0.0166972
0.0994649
0.0039627
0.00721381
0.078334
0.140347
0.00710797
0.0714603
0.0511729
0.0382054
0.0409963
0.0154314
0.038101
0.0173185
2.33633e-007
0.0384972
0.000765081
1.80575e-005
5.59347e-012
0.0911717
0.0143426
0.0161813
9.31882e-006
0.00117039
0.123276
1.44056e-016
2.55333e-009
0.00142896
0.000147535
0.445177
0.197812
0.000399816
0.831433
0.0011104
0.618911
2.35826e-005
0.0410266
1.952e-010
0.0714234
0.219374
0.0179661
0.000188985
8.17959e-008
0.0495291
0.00103692
0.000304373
0.0219677
0.000687947
0.0305769
0.00459566
0.0181978
0.019977
0.000303777
0.00529422
0.763692
0.285721
0.243325
5.09851e-008
0.0021324
0.204037
3.12811e-005
0.0336863
0.014416
0.000500974
0.597959
0.0592012
0.100187
0.00466207
0.00458529
0.152557
0.0800768
0.0456896
0.0547602
0.283143
0.000193704
0.0809684
0.00011307
1.33543e-009
2.20433e-008
0.760208
0.19847
0.288894
0.235066
2.26532e-009
0.0021914
0.000232505
0.0507717
0.00119541
5.02453e-006
0.0306362
0.144021
0.35268
2.59463e-006
9.53114e-006
0.0196657
0.0156281
0.0129156
0.000210023
0.329092
0.00447638
0.158313
0.0328332
0.00215588
0.0658907
1.90535e-006
0.00287056
0.0150234
0.143255
0.0016527
0.387519
1.17679e-006
0.00570151
0.0264745
0.0672574
0.0055978
0.00984259
0.0596672
0.0160744
0.12303
0.00078954
0.0235852
0.0642658
1.31952e-006
1.54329e-006
4.61176e-020
0.380114
6.08869e-010
0.0106142
0.0761836
0.264728
0.588188
0.0147877
0.0114054
0.187592
0.00195268
0.000203676
0.0203191
0.0034954
0.275421
0.00271853
0.00222248
1.01699e-009
0.0115768
0.0344009
0.678479
0.35157
1.93524e-007
0.539887
0.00982177
0.0126204
0.000674643
0.0609744
0.0115463
0.546467
0.00291511
0.00257687
0.62588
2.61681e-006
0.0872796
0.0140053
0.19351
0.179923
0.0226484
0.09241
0.342889
0.0376705
0.309597
0.00226274
0.00252419
0.268156
0.037797
0.00914248
0.00104094
0.0249007
2.14335e-023
0.026246
1.56792e-014
0.0213538
0.0544479
0.000697348
0.308372
0.0131847
0.0116035
0.0524594
7.42717e-006
0.00060878
0.10797
5.24615e-009
0.333055
0.125873
1.57046e-005
0.0114162
0.00321453
7.13284e-009
0.00280869
0.00831324
0.00612319
0.13441
0.00144545
0.400518
0.0224752
0.293378
0.0134791
0.0122144
0.333517
0.076268
0.031313
1.41719e-006
0.0915882
5.0592e-006
0.00598204
0.186229
0.000239954
0.00169229
0.0417441
0.144775
0.0119004
2.39956e-006
0.0337698
0.00122569
0.0552869
0.000557625
0.000165721
0.25827
0.000510344
3.03748e-019
0.0664333
0.00184178
0.00252805
0.00155159
1.11817e-005
0.0146252
1.07546e-022
0.0261545
0.0032756
0.00666624
0.294116
0.833261
0.0574602
0.000885148
4.41542e-015
0.08005
0.00184152
0.00547003
0.00716714
0.045616
0.00492073
0.0322745
0.456959
0.620014
0.0161644
0.168006
0.608974
0.00133189
0.00110728
0.00160117
0.253174
0.0176005
0.000117992
0.21915
0.814279
0.247615
0.31925
0.00186497
0.026553
0.055589
0.00415256
0.00101146
0.00186035
0.00103322
0.000280947
1.6929e-005
1.85434e-007
0.139102
0.124716
0.0197745
0.000834634
5.67065e-009
0.611123
0.203093
0.131603
0.203058
0.000428097
0.0667316
0.00262526
0.0256543
1.44187e-009
0.100698
1.81821e-008
0.0354441
0.0033485
0.0132267
0.0709345
0.368008
0.0805719
3.25769e-027
0.156569
0.281841
0.085682
2.01562e-005
0.0129289
0.0267746
0.00624824
0.0123043
0.0298012
0.0310422
6.57121e-006
1.11402e-005
0.347029
0.244268
0.00148538
0.220075
1.44036e-005
0.0362663
0.0248127
0.0125528
0.202427
0.330331
0.0611579
0.000237319
0.0565381
0.00903672
0.00243905
0.0218538
0.173729
0.0553991
0.00626421
0.0178609
0.478254
0.0105163
0.0137918
0.00207846
0.00740923
0.000288785
0.000194468
0.37753
0.0543479
0.0967401
0.000176332
0.00293623
0.00896356
0.0456939
3.79224e-006
0.570544
0.00023709
5.96159e-006
0.286666
9.80383e-005
0.000297056
0.230446
1.39849e-010
0.00881027
0.00103935
0.772943
0.000940708
0.252908
0.0180297
0.0718333
5.62659e-006
7.89722e-008
0.00315231
5.39575e-010
0.0022246
0.00322784
8.51259e-008
0.243777
0.00624612
0.186836
0.140952
0.0414586
0.000587934
0.034651
0.00335414
0.000114544
0.0254092
0.00997889
0.0100522
0.130759
0.0570126
0.342955
0.0200505
0.580082
0.860725
0.137004
0.0253804
0.00017728
0.00359635
5.09825e-014
3.37921e-005
2.88543e-018
0.0103665
0.0277127
7.42727e-010
6.90671e-005
0.0893477
0.0286263
0.205236
0.122003
0.0168665
0.0308583
0.0148889
0.303429
0.0002683
9.78268e-005
0.00537547
0.117471
0.000768587
0.00934573
0.241307
0.062142
0.0102872
0.0974052
2.71976e-005
0.791656
0.552253
0.0280963
0.0156855
0.0117152
0.00658391
0.00135803
0.00189967
0.226297
3.24411e-008
0.00110296
0.0134422
0.618913
0.244067
0.0327217
1.90361e-006
0.0311634
0.0490685
0.010599
0.042173
0.917577
0.00161254
0.00698421
0.0454447
0.000106055
0.000107901
0.0133998
2.16969e-011
0.342449
0.0377538
0.0172613
0.026354
0.000680608
0.111045
0.000555507
0.0481473
0.492425
2.21765e-006
0.620682
0.000422163
0.0145096
0.14341
0.00125891
0.00236904
0.000388601
0.0240243
0.0208096
0.283848
0.00219031
0.00836208
0.192462
0.177685
0.0364647
2.93739e-005
0.0206737
0.0106598
0.00812598
0.0017412
0.0106113
0.00944485
0.0464238
0.0626397
0.180236
0.741718
0.000930938
0.0388713
0.0122089
0.00652019
0.000412363
6.03169e-005
0.00107103
0.00249437
5.8161e-006
0.000260798
0.0369847
0.102109
0.016465
0.0929148
1.77661e-009
0.0629502
0.001601
0.00631895
0.00246869
2.07426e-005
0.0260225
0.18839
0.0476375
0.000177174
0.00984703
0.228896
0.368227
0.00573112
0.00501393
0.0953166
0.0739763
3.07078e-007
0.120363
1.64645e-011
0.0537932
0.217028
6.19178e-005
7.64135e-008
0.00523225
0.00642168
0.0926329
0.00718174
3.42271e-009
0.035599
0.124448
0.00432281
0.054401
0.00343126
0.0670969
0.00201721
1.21699e-006
0.00295264
0.0860235
4.68087e-005
0.0325818
0.0277111
0.0156087
2.2574e-006
0.0804619
0.258617
0.00128971
0.0089312
0.0178706
9.99157e-006
0.227079
0.00170397
1.44962e-005
0.0301081
0.00188373
0.00495292
0.246412
0.0155867
0.00127244
0.00224932
0.000132048
6.80734e-006
0.0305781
0.00408322
0.708736
0.00159402
0.24382
0.505004
0.0146666
0.000952158
0.00070056
0.0186179
3.46549e-005
4.82892e-013
5.23859e-007
0.000868647
0.000399283
0.0295417
0.0361678
0.200431
0.0161794
0.00116663
6.00026e-012
0.0147038
0.0434107
0.0285417
0.00167731
0.00251095
0.00386057
0.000105563
5.70023e-007
1.1102e-013
0.0207373
0.0163937
0.0429824
0.00199739
0.00871659
0.00806193
0.0169988
7.99183e-006
0.0972569
0.031378
0.0334632
0.18004
1.046e-005
0.0661742
0.226954
0.0161102
0.0626471
0.0238784
5.11811e-023
0.0989494
0.120746
0.00340649
0.000975057
0.000269215
0.00106657
0.108275
0.000249578
0.0182842
2.6488e-019
1.46954e-009
0.00638253
1.88316e-006
0.0474419
0.0181351
0.0317753
2.56729e-007
0.000255332
0.989121
0.00283148
0.0303356
2.79123e-008
0.00208088
0.000201369
0.157341
0.0489074
0.798448
0.00199951
0.195728
0.163261
0.0257342
0.221676
0.014605
0.309553
5.2342e-015
0.119176
0.776815
0.0144011
0.00798714
0.176495
0.0319561
0.0425858
0.446084
0.0121837
0.067557
0.0410195
0.00256941
0.0292876
0.0530148
0.0179061
0.190265
0.252398
2.63425e-006
0.00159316
0.00147668
0.000262097
0.0122698
0.353638
0.0054665
0.582013
0.00382821
0.0495119
0.0964127
0.128914
7.08122e-009
0.228492
0.007962
0.00989192
0.156587
0.0499749
0.00389674
0.0175989
9.79612e-005
0.00140322
2.35393e-024
0.0376878
0.000279648
0.0336491
0.531469
0.00586251
0.0364823
0.172653
0.0109008
0.00123974
0.781532
0.871995
9.41961e-005
0.0739402
2.10239e-006
0.178828
0.310966
0.00624979
1.20718e-010
0.203835
0.000780433
0.0568296
0.0683897
0.0284282
0.000161961
0.286067
9.74121e-013
0.460894
0.00056945
0.00393136
0.167263
0.000141417
0.270616
1.32935e-006
0.0613
2.69872e-008
0.00643173
0.00462616
1.61688e-007
0.0564867
5.22667e-017
0.0809577
2.10901e-007
0.179548
0.00179981
0.00251278
0.0490585
0.00510311
1.13069e-006
0.000666073
0.00054285
0.000951494
0.150583
0.321143
0.0279233
3.11912e-006
0.0872196
0.00154824
0.25193
5.5894e-006
0.779525
0.129099
0.00349849
0.72447
2.46383e-014
0.0466691
0.121381
0.843853
4.47501e-014
0.818539
0.0164276
0.0275201
0.0239017
0.00846476
0.317386
0.198893
0.00343271
0.193653
0.0258357
0.00797253
0.202742
0.582309
0.769997
0.000986746
0.0120968
0.0601255
0.0016222
0.00773578
0.00238816
0.328422
0.00368541
0.00184024
0.0252883
0.213752
0.00643017
0.041178
0.968164
0.53
0.0274454
0.174332
0.00319581
0.201246
0.467482
8.34029e-005
1.13251e-012
2.06463e-007
0.000150585
0.00286394
0.000956113
0.060292
1.0034e-012
0.0202162
0.166675
0.556142
0.00847581
0.0410541
2.20456e-009
0.00175185
0.0327509
0.113475
1.33655e-006
0.737016
0.00123134
0.0576279
0.287685
0.0656326
0.000973888
3.71308e-018
8.7341e-006
0.171439
0.228394
0.0120312
0.00614513
0.0760248
0.015953
0.0041727
0.701602
0.0409372
0.293921
0.0743988
0.111776
7.60035e-009
2.64949e-007
0.631269
0.0126091
0.00927467
0.0297453
0.175998
0.0107407
0.571893
0.00800657
6.40978e-008
0.123564
4.72688e-007
0.00305538
0.0157124
0.00187525
0.0152832
0.000255315
0.198773
0.0198093
0.0173137
0.290814
0.569707
0.00163598
0.0767499
0.109255
0.627744
0.0118199
0.0922032
0.00347642
0.0741959
0.000912306
1.09444e-014
0.0467157
0.11861
0.0338056
0.0227154
0.000592058
0.00328765
0.000892446
0.0184097
0.157571
0.015359
0.00995568
0.206412
1.61223e-005
0.491966
0.00681353
0.462257
0.47327
0.179944
0.0019808
0.0378191
0.32981
0.0468719
0.142473
0.00166066
0.000245388
3.29871e-010
0.0963773
0.175653
0.808491
0.180586
0.0064094
0.388434
0.0500167
0.0174625
1.20608e-006
0.00545594
0.00938966
0.0167255
0.864954
0.824293
0.253455
0.00557119
0.366095
0.0049476
0.132938
0.00154257
0.00333123
0.0418101
0.514329
0.802753
0.00405454
0.00822455
0.339142
0.0211769
0.315111
0.000837723
0.00175542
0.0725867
1.02432e-005
0.002543
0.112249
0.109481
5.48918e-005
0.000134509
0.502985
0.000767048
0.00878569
0.0393646
0.580913
0.00208542
0.192533
0.728695
0.0779564
0.0564894
0.0970059
0.0434034
0.00025743
0.000901723
0.0287792
0.147293
0.00792115
9.37624e-011
0.103277
0.000826949
0.0728183
0.00115538
0.0030281
0.298465
0.107469
0.0521274
0.032968
0.00756878
0.0136218
0.0194453
0.0932818
0.0013114
0.257068
0.00015102
0.00470206
0.155618
0.00469961
0.118883
0.173569
0.00417655
1.62052e-013
8.49069e-008
0.000156078
0.0341263
0.00595634
0.00204179
0.00154507
0.157759
0.472186
0.0014735
0.211001
0.0112464
0.0204135
0.0033026
0.174023
1.25218e-007
0.00387927
0.000349949
0.22188
0.000593756
0.325072
0.036712
0.0491087
0.00127639
5.56287e-005
5.71494e-005
0.00137048
0.015968
0.0223683
0.329522
0.000221779
0.423093
0.201688
0.00074641
0.00298995
0.00025374
0.150198
0.060927
0.163364
0.0113118
0.0179651
1.87242e-009
0.000113392
1.71813e-007
0.0128099
0.000343186
0.00126865
0.507791
0.931824
0.00185363
2.62005e-013
0.000211973
0.00460689
2.30136e-007
0.0290409
4.40683e-006
2.52347e-006
0.017475
0.0587093
0.000959688
0.173653
0.529265
0.00116583
1.3025e-006
0.209938
1.21238e-005
0.0334712
0.0803652
0.00285627
0.132542
0.0850644
8.62468e-005
0.000193177
0.695159
0.0380671
0.221525
0.000881045
0.00310718
1.39358e-016
0.0155965
0.00252857
0.00781073
0.0125797
0.00421865
1.10975e-014
0.00200966
0.0269827
0.000337295
4.46418e-013
5.35748e-007
0.349139
0.0389401
0.0172249
0.0108045
0.00934203
0.000171237
0.00107881
0.00943071
0.079133
0.00452755
5.56553e-008
0.247435
0.000467355
2.20363e-009
2.38246e-009
0.442917
0.0109517
0.0134949
0.000903048
0.000628736
0.0225249
0.00399858
0.00837503
0.00590201
0.00500383
0.00333175
2.89313e-013
0.00040363
0.00321906
0.0080929
0.000113517
0.00121905
0.00671885
0.00274118
0.0293972
0.22217
0.106612
0.0186909
0.0454149
0.819665
0.195695
0.173025
2.3525e-005
0.875878
0.00115368
0.126825
0.723014
0.20891
0.312916
0.00240645
0.00648999
0.273908
0.0682192
0.0114852
0.16293
0.0863712
0.0588548
0.0235074
0.00262606
0.00227523
0.164576
0.101002
0.00135445
9.88109e-006
0.0329524
0.109126
0.0208375
0.00319836
0.0334147
0.00299478
0.00227859
0.00497115
0.11215
8.86633e-011
2.78189e-007
0.909724
0.0935503
0.00028633
0.00597677
2.37176e-009
0.30363
0.00104372
1.39527e-009
0.100071
0.00445666
0.773159
1.7276e-006
0.00991371
0.00400939
0.301073
0.00551024
0.226111
0.00556912
0.000126986
0.133
0.0433764
0.00200987
3.29102e-006
0.0274966
0.000255149
0.000479817
0.00225754
0.00470047
0.125864
0.00636508
4.842e-005
0.00134878
0.000251219
0.15586
0.000792228
3.58859e-005
0.000118886
0.322052
3.62817e-012
0.0339102
0.00111114
0.0505224
0.00761371
0.272164
0.28587
0.0446425
5.63746e-010
0.218192
0.0152914
0.00137478
6.41915e-012
2.23802e-005
0.00279252
0.0673527
0.000517493
0.000284759
0.171835
0.0105302
0.0794618
6.16708e-015
0.188643
0.0489099
0.561496
0.00132269
1.23546e-011
3.67143e-006
0.166221
0.00176285
0.20266
2.9541e-009
0.159224
0.0146978
0.00341754
0.00630058
0.0134797
0.0182255
1.8825e-008
8.94722e-007
0.0103861
4.98062e-007
0.477653
0.343246
0.778535
0.0246373
0.00603187
0.0703422
0.0142692
0.0129666
0.00234277
0.0297386
0.0367321
0.592768
0.0372601
0.00109686
0.118629
0.0148036
0.00013108
1.47523e-005
0.00178355
0.000530327
0.0913721
0.260765
0.000543595
0.0075363
0.314061
0.31158
0.000199779
0.0146728
0.000721866
0.00162242
0.0169703
0.0255983
0.723889
5.70509e-006
0.000505895
0.00373874
2.0035e-014
3.09099e-010
0.00368791
2.2672e-005
1.31543e-010
0.00743074
0.0219413
0.832754
0.00295201
8.69081e-007
0.0047467
2.73341e-005
0.289217
0.60324
0.0128596
2.51559e-007
6.94452e-006
6.4013e-005
0.00631445
7.71349e-006
0.250306
0.025141
0.406348
0.0151889
0.0700975
0.157729
0.000118841
0.189398
4.07032e-009
0.144902
0.000658957
0.0189048
8.14616e-008
3.21894e-005
0.00369245
0.104479
0.0212805
0.00765562
0.0253075
0.108271
0.019161
7.04588e-016
4.0438e-007
0.0502426
0.72181
0.00154725
1.31099e-005
0.359636
0.744609
0.00206175
0.361677
0.00035571
0.00336444
0.000225114
0.0802265
0.0294973
0.310803
0.0875554
0.0353255
0.000246402
0.000214726
0.142033
0.245491
0.00541665
0.0178323
0.0169892
5.16686e-007
0.0149121
0.027383
0.00840196
0.000903813
0.00161039
0.00285344
0.0115153
0.0607799
0.000977684
0.0300786
0.749307
0.0613966
0.0674184
0.689043
0.0537968
0.0932199
0.206422
0.0351797
0.0285935
0.821952
0.0731185
0.000419194
0.92093
0.0617091
0.000494201
0.0254087
0.0061853
0.00274938
2.87908e-007
2.66752e-014
0.0900457
0.0518483
0.00774733
0.000874346
2.07645e-005
0.000833286
0.848903
0.150702
0.318082
0.00428516
0.00742985
0.538506
0.161259
0.00284278
0.000808358
0.00554598
0.00427217
0.00925387
0.0086146
0.178202
5.00341e-010
0.222086
0.000535824
1.47931e-005
0.00857876
3.72081e-008
0.230784
0.232648
8.16497e-010
0.306489
0.181731
1.43205e-007
8.56527e-006
6.02214e-007
0.00141234
1.30313e-007
2.37824e-006
0.529506
0.0174272
0.00794553
0.274703
0.0209301
0.902154
0.0012907
0.193112
0.00119915
0.21361
3.15805e-022
0.000910934
4.78197e-018
0.142455
0.0299979
0.00759678
3.67701e-006
0.162675
0.219263
0.0012721
0.248417
0.155639
0.00728212
0.0244296
0.000373763
0.0020276
0.165442
0.0352353
0.0716702
0.00101393
6.12436e-009
0.000544067
0.00805518
0.00204968
0.743466
0.00255657
0.226642
0.614052
0.000501543
0.740578
8.05552e-009
5.5933e-014
0.0151514
0.0284821
0.00339287
0.118125
0.00713053
0.070455
0.000186017
0.00060814
0.0252471
0.946979
0.0164409
1.66972e-006
0.0052307
6.40606e-006
0.00133682
0.00393436
0.0104088
0.00817827
0.00282041
0.0137952
0.00127662
0.00580171
0.00442081
0.122732
0.00449745
0.00302382
0.134288
0.214848
7.61495e-008
0.00219826
0.256387
0.159999
0.0146769
1.20442e-013
0.787566
0.00343155
0.136566
0.0228507
0.743639
0.00131519
0.0795872
0.0958424
0.00202778
0.0072269
0.747494
0.0621064
0.278709
0.00268824
4.80224e-006
0.0162536
0.0601024
0.000915045
0.000363952
0.00120188
0.00433348
7.97323e-005
0.00344523
0.00660812
0.00235754
0.030348
0.00201036
0.295858
0.00386758
0.110831
0.0528797
0.0312518
0.0588132
2.10759e-005
0.270509
0.530227
7.00489e-008
3.28508e-007
0.0142873
0.251111
0.0420155
1.73794e-007
0.0208904
0.00777574
0.0289136
0.0143625
0.224824
0.000384358
5.19829e-007
2.33767e-019
0.184242
0.000952252
7.70576e-006
0.00159866
0.101071
0.00476584
0.84011
0.000628935
0.000294889
0.000306882
0.0131909
0.00349747
0.000875014
0.257246
0.162449
0.00146691
0.0385282
0.00657235
0.0519623
0.00634876
0.000453197
0.00064127
0.161599
0.0366022
0.2002
0.0379785
0.0358206
0.0898593
0.00178324
0.056994
0.562315
0.125564
0.609858
0.0456691
0.00325457
0.107229
0.00524016
0.00541862
1.01118e-005
0.0258531
0.0159601
0.513364
0.0605911
0.000170864
0.0525492
0.000134589
0.000297375
0.280582
0.0529726
8.7766e-005
0.749369
0.000110877
6.69155e-011
0.000150477
0.287254
0.0229278
0.764675
0.0890305
0.0903977
0.00448389
0.000260324
0.0114635
0.0399177
0.004242
0.00162538
0.0149017
0.153335
0.00618033
0.0382602
2.06124e-018
0
0.278078
0.000161359
4.93084e-006
0.00177458
3.67884e-005
0.00596201
4.65635e-012
0.0174234
0.0289143
0.182123
0.00263086
0.11088
0.00985306
0.332552
1.69509e-007
0.766509
0.0379234
0.503812
0.000129994
0.090699
0.00617748
0.213974
0.285946
0.0729551
0.00299995
0.0908268
0.000181179
1
0.017144
0.000296053
0.105756
0.0105906
0.00028522
0.00314314
0.302681
0.0443532
0.0235098
4.12311e-005
0.143543
0.00173299
0.00286286
0.00017373
0.928775
0.000413243
0.526495
0.171793
0.330151
0.0682389
0.0204585
0.00332413
1.22102e-008
5.91885e-018
8.05495e-016
0.181891
0.0406264
0.0305595
0.0308537
5.31438e-011
0.0332881
4.33959e-008
8.5638e-010
0.325543
1.61767e-008
0.0501241
0.0279955
1.43846e-007
0.0434319
9.86791e-005
2.44722e-007
0.00846574
0.589146
4.16918e-005
0.326778
0.116991
0.000113982
0.0170616
0.198118
3.18206e-019
0.131511
0.00344884
0.597676
1.88446e-012
6.34082e-006
0.0473063
0.0698862
0.000457645
0.298006
0.00229685
3.84082e-007
0.162422
0.00229974
0.554127
0.0361238
0.445391
0.150569
0.00424753
0.00222207
0.267166
0.0601513
0.0474761
0.236469
0.00539588
0.434165
0.000195163
2.03709e-005
0.00204994
0.306483
0.0315658
0.000160127
0.000113375
0.176492
0.307012
0.011847
0.00218581
0.0758363
1.54974e-005
2.3591e-008
0.000185516
1.73959e-006
0.149781
0.0142638
0.0253986
0.00847853
0.0206295
0.117763
0.610746
0.00531888
0.00168362
0.11997
0.001026
0.00558049
0.0150358
0.000932211
0.746889
0.0015616
0.0708766
0.00315715
0.00665474
0.034653
0.0942679
3.53763e-005
0.0180185
0.237583
0.00229232
0.0157794
0.438015
0.0651227
2.43077e-016
0.00097724
0.000225637
0.00104512
0.162744
0.485169
0.581891
0.80919
0.0126029
3.93768e-010
0.0110339
1.51525e-005
0.0777981
0.0159385
0.617885
0.000609923
0.000560403
0.297015
6.61679e-008
0.0126512
0.0131195
0.0491321
0.322143
0.125665
1.99502e-006
1.26621e-005
0.127321
0.00143048
2.19136e-015
3.01976e-007
0.128474
5.19517e-007
0.00922861
0.0621896
0.704404
0.000805486
0.0211262
4.99836e-016
0.084082
3.03261e-008
0.00471108
0.708694
0.103449
0.00558605
0.00689875
0.00120951
0.000569078
0.0162535
0.375286
0.0844573
0.565505
0.0674437
0.00170099
0.0518531
0.256794
0.157444
0.697563
0.127988
0.0148328
0.0254581
0.00495305
0.55949
0.16866
0.000865658
0.145418
0.290021
0.0398334
0.102268
0.309239
0.0011946
1.3506e-007
3.44112e-006
5.17513e-005
0.000154941
0.0522414
0.0184561
0.00209573
0.0637374
1.12036e-006
0.00317392
0.121877
0.000250143
0.56446
0.91538
0.100248
0.627035
0.171034
0.074125
0.000631562
0.0401291
0.02723
0.000429183
0.00623552
0.138138
0.133784
0.00893746
0.0283975
0.0726491
2.42782e-010
0.00155448
0.0376768
7.10068e-006
3.31586e-006
1.96634e-011
0.0230261
0.152434
0.21984
6.41974e-005
0.224151
2.07267e-005
0.256902
0.0275162
0.000125552
0.00430435
0.201431
9.32039e-012
0.284222
0.0186731
0.00317882
0.0100123
3.7821e-016
0.565311
0.166678
0.199869
1.84875e-005
0.00613549
4.60663e-005
0.00638515
0.000219496
1.75602e-016
0.00813594
0.0066003
0.260143
0.248576
0.101576
0.353315
0.157965
0.0541155
3.2739e-014
0.00070901
1.6645e-009
0.172925
0.00166852
2.12779e-005
0.00200872
4.54076e-009
0.0230016
0.0143779
0.255394
0.00760786
1.97512e-008
0.690293
0.000389859
0.0210515
0.00141996
1.33837e-011
0.000482339
0.000191557
8.19455e-006
0.000248596
0.01251
0.300001
0.0039063
0.31232
0.00104885
3.89959e-008
0.768385
0.128539
0.0217237
0.10226
0.0226581
0.011704
0.0614961
0.225123
0.128297
3.94164e-012
0.000128373
0.00914349
0.00035525
0.0569776
0.00185175
0.0835311
0.0826005
0.00104145
1.23584e-006
0.00134494
0.00457471
0.035618
2.14679e-005
0.0208397
0.00619437
0.0411325
0.160341
0.000377724
0.00519082
0.379868
0.00262064
2.30591e-006
0.00529168
0.000874811
0.0493574
0.768558
0.0132441
0.0312324
2.57089e-005
5.88245e-009
1.15861e-008
7.30698e-006
1.24916e-016
0.00307812
0.0698415
0.000530003
0.00019459
1.97067e-014
1.13777e-010
0.784505
0.0735408
0.000975861
0.0180449
5.22048e-006
0.139483
0.0955194
1.20251e-012
6.11537e-009
0.000780292
0.139934
0.000213446
0.000660083
7.77551e-005
0.00415844
0.0661127
0.140205
0.0172064
0.338815
0.161336
0.0248321
0.0192201
0.0704934
0.0967306
0.070117
0.00639711
0.00207618
1.6588e-005
0.27971
0.0845318
0.0397336
4.07585e-008
0.0413517
0.00507118
0.0149973
1.77741e-012
2.31774e-005
2.71474e-005
0.0271961
0.000842851
0.00561176
0.00652579
0.11862
0.00216717
0.00671093
0.763502
0.00135178
1.65626e-008
0.0214526
0.0836404
0.471424
3.46148e-006
0.00410872
3.14232e-006
0.0904058
0.0608575
0.0034402
3.28068e-005
7.97918e-012
0.000825177
0.184752
9.34064e-005
0.00149349
4.73073e-005
0.0200656
0.0285844
0.208071
0.00461965
0.000158209
0.1168
0.00517511
0.00320537
0.0272232
7.08324e-012
0.0123017
0.0242905
0.0338963
0.00135654
0.00832826
0.000117604
0.0202707
0.00113343
0.398083
0.161428
0.150386
0.0126607
0.0310695
0.00274814
0.00519474
8.65935e-005
0.0537756
0.105202
0.00324337
0.0325876
0.027399
0.793857
0.0916004
0.246582
0.223935
0.00759329
0.000573346
0.000134535
9.54669e-010
0.00418834
0.2271
0.605924
0.0151902
0.03152
0.0802284
0.244307
0.0387282
0.00740628
0.0212408
0.0726971
4.74451e-010
0.000714433
1.29785e-005
0.00768584
0.0402865
0.255269
0.000537385
0.0125375
0.887853
0.00709533
0.000283328
0.21362
0.436105
0.00542616
0.0162632
0.00313277
0.0594643
1.17897e-005
0.00169632
0.0010376
1.79173e-007
0.00201257
0.0953053
0.327933
0.461677
1.79877e-005
0.000359814
0.0595044
0.00707029
0.0315459
0.0539551
0.00152636
0.011424
0.06631
0.0514008
1.54275e-005
0.106948
0.0867127
1.30514e-007
0.00749908
1.47141e-007
6.85755e-010
0.122486
0.0831398
0.186979
0.200428
4.40445e-007
0.367837
0.000648218
0.132314
0.0284254
0.00984338
0.0415826
0.0291265
0.000186562
0.00685304
0.00533927
0.423298
0.0122676
0.218012
0.0109605
0.00227274
1.27526e-005
0.22739
3.82317e-007
0.0675222
0.15042
0.0821972
0.147887
0.00255925
0.0292553
5.76015e-006
0.0190355
0.0399216
4.69592e-008
0.0146644
8.56871e-005
0.0637186
0.00505234
0.116015
0.00320333
0.0124049
2.66365e-006
0.00189555
0.031987
0.00735014
0.396744
0.00136935
0.135452
0.000178205
0.065259
0.000869095
0.329272
0.220003
1.38383e-005
0.667965
0.158347
0.0138533
0.0017084
0.0146788
0.0308822
4.50863e-006
0.00489226
0.431935
0.018438
0.0669151
0.00116764
0.0605182
0.118097
0.000907693
0.327975
0.00187529
0.657231
0.915532
0.00144036
0.021335
1.52169e-005
0.00363211
0.120367
0.0103769
0.00363674
0.00517007
0.00838465
0.0108405
0.00344531
0.694428
0.00106722
0.455648
7.44499e-005
0.040212
0.0312299
0.296045
0.00242574
0.0450687
0.000887891
0.000887688
0.578137
0.0598628
0.00872514
0.232386
0.0875741
0.183306
0.731926
0.0539256
0.00845698
0.00748905
0.00012532
0.00740952
0.00180461
0.00391678
0.170975
0.000134883
0.0273029
2.07229e-008
0.2183
0.0759989
7.16325e-014
0.127259
1.2999e-005
0.189856
0.0478692
0.0130558
0.0125723
9.78959e-008
0.00515448
0.0563927
0.225046
0.646124
0.067928
0.0146073
0.0256628
0.000457338
0.00329609
0.333943
0.0307626
0.0383234
0.00699887
0.00130179
0.0273029
0.0204315
0.584848
2.69357e-005
0.242215
0.00241298
0.0274365
0.0748069
0.0129462
0.227022
0.090166
0.937292
0.0134535
0.0429082
0.068288
2.04361e-005
8.7284e-006
0.00119854
0.689671
3.92604e-013
2.32751e-005
0.000207459
0.208799
0.942986
0.0282774
0.0813818
0.0443314
0.00143375
0.305549
0.664107
0.120697
2.86425e-029
0.0346918
1.35022e-017
9.34638e-008
0.0141001
0.00277198
0.729186
0.00167506
0.00594034
0.000513357
0.404749
9.23926e-005
0.0136826
0.000594715
0.0150216
0.369187
0.0243797
0.00334001
0.0112156
0.0031953
0.249629
0.303947
0.00171206
0.00181235
0.000867837
0.0113314
0.223889
0.00590602
0.0364384
8.58903e-008
2.9408e-007
0.000860218
0.00639393
0.220695
0.040924
0.0484776
0.30467
8.98507e-019
0.00411996
0.188384
0.032972
0.876576
0.191437
0.00184117
0.291151
0.0302275
0.0459969
0.000719083
0.183774
0.158263
0.000553505
0.000181375
0.109013
0.000119386
0.0271344
0.470312
0.0382723
0.00858397
0.00517281
2.52452e-007
0.737654
0.017624
0.000429591
0.647157
5.6291e-007
0.201326
0.00780606
0.0580313
0.0025719
1.18486e-011
0.00651226
0.0310077
0.00365303
0.00159902
0.0222202
0.0814235
0.288888
0.563742
0.000391782
0.901663
0.0400701
0.305433
0.000555234
0.000185642
0.100394
0.000345004
0.254594
0.0102188
0.00133875
0.199743
0.0137731
0.00617691
0.000245299
0.0233932
0.00442855
1.4003e-006
0.639687
0.147637
0.0302736
0.0313679
0.0379325
0.000644014
0.00100321
0.00119959
0.243347
0.111672
0.000340051
0.0413355
0.00148539
0.00116056
0.126767
0.0369641
3.8977e-013
0.0568295
6.7867e-005
1.03826e-009
0.0353089
2.30575e-007
0.00614213
0.0164068
0.196792
0.0234497
0.000147442
0.365109
0.0627678
0.0883437
0.0506239
0.00639181
0.00976782
0.232684
6.33781e-006
0.00613228
0.00561864
0.028447
0.0108536
0.0011686
0.079102
1.9906e-011
7.36306e-007
0.220372
5.89429e-008
0.0865767
3.05628e-018
0.400795
0.792907
0.00449947
0.0123075
6.18325e-005
0.00380075
0.0529935
0.514886
0.0393835
0.699695
0.644504
0.199826
0.0004776
0.0260978
0.0188614
0.133999
0.000134139
0.0447824
0.0001205
0.334658
0.0570856
0.0291643
2.92256e-006
2.72085e-017
0.0135589
0.000156929
0.168379
0.0042866
0.000761292
0.00206021
0.136272
0.0178645
2.65386e-012
0.0907909
0.101409
0.00619009
0.253369
0.00459269
0.0981981
0.0100604
0.174569
0.283158
0.0588982
0.00386597
0.14295
0.115049
0.107421
0.0150679
0.349827
0.169266
0.0103144
0.00092713
0.0128405
0.00287948
0.0103489
0.18655
0.0148801
0.215681
0.0420277
0.0220522
0.0208659
0.0461093
0.116359
0.026759
0.132366
1.21961e-008
0.0171724
0.751672
0.802367
0.0129725
6.70772e-007
2.69285e-007
2.42283e-019
0.138069
0.0037838
